1167.59

698.29

793.34

446.90

426.10

1042.24

465.26

1191.48

482.39

555.59

913.56

275.73

94.69

1280.27

834.09

979.61

1310.43

814.04

575.97

309.77

1096.41

189.35

730.80

549.23

930.48

1214.69

249.41

1066.19

1246.61

363.46

1126.09

382.35

887.46

1249.16

628.60

437.85

1164.62

1199.77

781.42

1072.12

926.51

758.41

731.08

706.24

833.56

1071.93

1406.47

1015.56

1058.17

1078.07

505.65

906.55

1079.51

1283.52

1026.71

1196.87

1217.56

881.77

1332.37

209.75

1297.49

1110.68

1162.00

1031.15

673.81

827.06

1013.55

1282.82

1248.68

1242.09

1093.88

1065.78

1193.65

778.59

1143.47

1260.17

1000.81

1211.22

396.54

676.29

1059.49

1074.69

1144.72

384.92

1157.75

766.60

1122.84

854.00

862.98

1346.42

1112.67

1089.99

1229.50

826.99

807.18

479.64

1202.48

0.00

1289.99

1056.40

873.66

1040.73

1144.79

205.23

794.24

476.74

1285.35

1262.80

217.38

583.70

883.80

880.57

1183.71

36.85

1137.30

1246.09

1037.71

170.85

1296.90

1061.96

840.85

1287.96

1096.74

1227.60

1197.15

382.87

629.82

1287.47

1224.74

1312.66

636.32

1139.16

959.57

1147.89

1260.71

544.15

820.52

1205.01

1310.19

1151.38

1227.99

484.39

606.21

922.02

769.76

922.77

959.32

1183.64

1241.06

1178.04

1080.98

893.12

389.23

1300.93

1028.20

1292.35

1139.16

1348.54

1265.67

1271.86

340.45

981.57

1017.90

1011.00

960.18

717.85

867.05

941.93

937.63

1261.57

1006.13

1294.23

911.88

1305.30

1136.67

1281.57

1098.05

407.01

1006.57

957.50

675.33

830.94

866.92

1013.49

719.83

508.35

1341.60

211.15

640.68

311.25

994.96

633.45

1071.61

522.56

1264.08

1021.94

1116.39

818.17

233.57

1324.71

897.67

690.14

304.94

0.00

1321.55

863.45

1136.93

1268.73

1089.73

1139.21

675.83

1068.15

1312.34

311.39

1027.65

482.03

931.12

718.03

957.44

1366.88

1198.63

614.60

917.91

1330.61

1169.15

974.52

1052.69

935.62

825.20

1121.28

728.78

1340.56

1122.09

697.31

1314.92

957.62

272.49

810.09

0.00

1255.60

749.51

973.43

1107.27

1219.95

1273.61

880.25

1239.45

659.43

1164.09

344.06

1186.45

1041.62

1257.80

1330.97

1240.90

451.02

270.64

1070.20

1239.67

613.19

783.50

538.81

1101.53

690.30

476.97

1343.53

1144.36

70.23

642.50

36.26

519.68

1128.98

1022.44

444.10

778.69

366.60

370.97

1194.09

1316.12

756.78

965.07

887.97

1160.28

869.69

704.47

1124.19

470.42

272.56

1081.75

36.27

1272.82

1217.13

35.67

1254.05

1197.85

1147.70

443.60

828.98

627.70

1371.72

648.18

652.33

1070.28

1028.26

920.41

1275.52

1275.02

1139.73

1334.72

555.44

1146.15

817.45

1018.15

597.36

915.55

360.10

1362.53

590.37

698.00

1326.01

1444.66

768.16

973.15

357.67

1252.75

606.74

833.12

479.38

960.87

1146.38

720.23

891.07

937.88

1290.12

1044.57

1261.23

569.33

1126.31

1333.08

628.07

1163.76

946.57

160.86

1271.37

1203.25

1058.26

359.82

438.80

226.77

1171.09

669.24

69.60

1109.47

815.81

927.37

1139.80

700.26

1380.08

693.31

649.98

1261.16

832.67

1222.54

1266.15

577.54

1171.65

353.12

1117.17

923.96

852.97

1023.56

354.01

800.81

854.86

854.19

1036.58

1069.91

1049.30

258.87

936.98

1265.77

1175.93

1285.76

1172.16

927.54

1268.18

1389.38

480.86

1058.45

900.36

225.80

545.71

1189.05

897.08

873.63

756.92

773.36

661.19

1154.26

394.44

1359.73

953.02

1319.02

765.21

145.58

761.05

375.96

73.55

352.20

1249.61

32.01

455.79

1112.10

783.58

1094.82

0.00

1253.02

149.22

1203.65

1107.72

1284.12

1239.06

1355.98

1324.88

1191.21

313.85

1222.07

639.27

800.24

1176.34

1221.59

1061.99

1349.18

693.19

728.18

1108.95

436.24

589.49

1242.36

1186.61

610.77

673.44

585.88

1133.29

775.08

1102.21

1016.82

210.01

1059.44

930.15

1273.96

954.50

120.87

351.86

1317.12

1203.92

1174.61

657.30

599.09

1213.16

372.48

292.21

388.96

776.38

1155.27

720.29

1187.16

1268.84

741.49

830.86

1252.42

431.26

649.66

1034.94

416.73

1011.95

1272.64

649.35

738.52

1041.84

576.22

588.19

1413.61

697.66

410.69

1175.49

1127.30

962.33

944.64

467.87

1281.09

825.58

1205.90

761.41

657.25

1150.12

1150.05

1313.67

773.29

813.45

422.10

1106.18

1093.74

1134.38

719.50

1176.02

97.24

1191.28

435.11

611.05

1067.39

1094.70

193.19

334.46

739.44

703.90

1005.98

808.59

1106.58

932.13

495.99

387.41

941.07

1302.97

1036.80

1128.63

1127.72

877.98

602.94

859.13

618.89

897.08

722.12

657.27

895.94

37.11

1397.33

937.84

556.35

892.10

1360.77

1132.97

1154.02

1251.98

1039.67

0.00

95.10

608.81

815.75

198.15

806.07

739.46

36.18

1023.37

1123.00

1300.98

1081.42

437.49

1123.16

711.64

555.61

74.28

730.64

1066.80

1224.61

1210.64

493.04

35.61

1096.70

996.20

146.00

1168.90

895.03

1020.46

828.43

109.72

1248.21

1086.00

1267.90

772.70

1353.30

763.77

1001.53

1276.21

174.79

1167.59

1060.11

1092.50

1155.39

842.33

996.53

516.87

731.08

928.15

1058.68

1022.12

1146.98

898.57

1219.82

1010.60

1248.93

473.85

510.28

173.29

975.17

901.77

850.61

1216.01

1151.01

850.35

1320.06

1348.49

960.26

1083.66

1296.52

1378.33

759.00

480.27

811.69

872.89

916.70

149.11

1024.51

1328.76

1125.07

825.14

688.17

802.09

405.45

531.79

262.87

835.45

545.77

902.30

1157.65

744.31

81.12

1182.78

957.26

577.09

1200.41

1358.95

1163.97

104.40

1400.89

1321.49

699.75

1276.49

1102.72

915.52

467.71

65.86

1141.81

736.84

246.51

703.26

33.66

940.20

883.14

574.69

855.42

1076.53

1157.38

1163.32

446.55

1139.49

1126.81

1216.14

1108.38

817.02

1380.29

1006.52

770.57

244.96

1113.77

921.37

1148.08

1126.39

457.54

1269.44

1239.02

1056.75

1174.75

1348.26

1259.39

959.26

450.77

433.59

1178.55

627.65

613.95

417.54

994.53

684.80

755.22

750.13

1066.19

1056.61

726.22

1233.05

1136.90

884.17

871.28

1251.70

1199.70

657.68

1155.29

468.28

1266.95

138.08

733.28

1197.68

886.77

1374.37

1303.71

1257.52

904.50

426.29

1106.97

1102.42

167.94

1243.64

869.59

639.69

1093.72

1178.04

747.17

861.79

274.80

1305.38

453.21

657.48

997.10

1034.53

1211.35

1319.48

773.76

32.35

1379.83

1107.78

169.32

397.94

1042.32

1193.42

653.49

1107.05

723.46

1059.04

421.80

325.65

526.39

809.36

1275.00

1015.63

1240.35

1142.19

422.19

1140.87

155.38

578.08

1276.50

1287.63

673.48

392.31

602.84

1225.85

1012.57

1047.66

577.02

1047.92

1385.79

850.23

1147.27

74.21

733.75

1056.93

1183.29

537.23

1383.56

672.89

338.52

1103.18

1219.73

488.01

1308.67

970.37

943.60

1170.57

137.70

1317.37

693.49

94.34

373.29

439.22

726.01

718.83

760.84

980.97

1287.96

1071.61

737.13

1267.93

591.18

1172.23

1287.39

92.00

978.62

1338.12

1243.74

318.55

697.51

1303.09

844.83

1043.71

970.42

1285.48

1075.38

1192.49

1083.29

1271.37

1278.04

631.96

1035.18

1139.37

1236.65

1073.19

1244.04

684.91

832.87

1080.17

707.37

979.05

222.70

679.71

250.06

1353.44

1007.44

762.24

1349.73

582.93

111.48

1280.40

1094.25

1387.72

618.28

1079.95

607.14

784.55

1233.14

960.42

139.98

1301.31

707.34

1090.99

1245.83

1274.91

493.35

788.83

957.76

1023.70

537.22

1225.04

71.61

179.14

1003.00

691.78

886.76

1243.71

1196.95

266.45

460.17

1263.36

1236.96

570.37

838.62

1189.09

665.71

273.26

1280.11

949.36

1389.95

539.03

1042.28

1196.66

558.68

409.68

877.60

909.96

1288.14

254.88

218.95

1020.94

820.10

428.55

1253.37

983.23

1169.65

736.94

575.56

1254.28

795.25

1122.62

201.62

1212.94

1184.30

155.67

937.56

1178.27

456.09

1159.51

956.12

1083.73

1250.94

1016.82

1056.51

669.28

951.79

1300.85

1110.41

1286.14

1281.29

1087.39

976.08

968.78

1113.45

755.37

1229.56

1385.27

1385.18

1186.28

881.44

926.65

808.01

724.76

847.40

963.87

1399.71

1188.70

1282.56

882.08

94.62

937.93

1344.34

854.89

438.44

684.40

0.00

1387.31

1244.74

921.01

150.21

134.39

1297.50

583.76

609.32

1210.46

1175.09

206.57

732.18

1243.43

552.69

933.16

1056.87

696.54

1328.60

921.24

786.15

1081.33

965.70

1057.80

884.45

1088.20

141.09

1016.67

390.38

1325.77

1034.60

1046.37

565.41

1015.82

940.92

423.75

1035.87

102.29

543.68

471.83

1274.09

827.83

939.50

255.37

952.72

228.71

939.61

1157.96

1348.03

956.82

1205.01

770.56

1106.24

692.66
